0 : 70 : [-3.07, 33.39, 32.78, 6.94, -88.33, -1.58]
1 : 70 : [-3.158, 36.704, 30.319000000000003, 6.878, -88.356, -1.606]
2 : 70 : [-3.246, 40.018, 27.858, 6.816000000000001, -88.382, -1.6320000000000001]
3 : 70 : [-3.334, 43.332, 25.397000000000002, 6.7540000000000004, -88.408, -1.6580000000000001]
4 : 70 : [-3.422, 46.646, 22.936, 6.692, -88.434, -1.6840000000000002]
5 : 70 : [-3.51, 49.96, 20.475, 6.630000000000001, -88.46000000000001, -1.71]
6 : 70 : [-3.598, 53.274, 18.014000000000003, 6.5680000000000005, -88.486, -1.7360000000000002]
7 : 70 : [-3.686, 56.588, 15.553, 6.506, -88.512, -1.762]
8 : 70 : [-3.774, 59.902, 13.092000000000002, 6.444, -88.538, -1.788]
9 : 70 : [-3.862, 63.216, 10.631000000000004, 6.382000000000001, -88.56400000000001, -1.814]
10 : 70.0 : [-3.95, 66.53, 8.17, 6.32, -88.59, -1.84]
11 : 64.44444444444444 : [-3.95, 66.53, 8.17, 6.32, -88.59, -1.84]
12 : 58.888888888888886 : [-3.95, 66.53, 8.17, 6.32, -88.59, -1.84]
13 : 53.333333333333336 : [-3.95, 66.53, 8.17, 6.32, -88.59, -1.84]
14 : 47.77777777777778 : [-3.95, 66.53, 8.17, 6.32, -88.59, -1.84]
15 : 42.22222222222222 : [-3.95, 66.53, 8.17, 6.32, -88.59, -1.84]
16 : 36.66666666666667 : [-3.95, 66.53, 8.17, 6.32, -88.59, -1.84]
17 : 31.111111111111114 : [-3.95, 66.53, 8.17, 6.32, -88.59, -1.84]
18 : 25.555555555555557 : [-3.95, 66.53, 8.17, 6.32, -88.59, -1.84]
19 : 20.0 : [-3.95, 66.53, 8.17, 6.32, -88.59, -1.84]
20 : 20 : [-3.95, 66.53, 8.17, 6.32, -88.59, -1.84]
21 : 20 : [-3.996666666666667, 65.868, 8.703333333333333, 5.400666666666667, -88.77733333333333, -1.9806666666666668]
22 : 20 : [-4.043333333333334, 65.206, 9.236666666666666, 4.481333333333334, -88.96466666666667, -2.1213333333333333]
23 : 20 : [-4.09, 64.544, 9.77, 3.5620000000000007, -89.152, -2.262]
24 : 20 : [-4.136666666666667, 63.882, 10.303333333333335, 2.6426666666666674, -89.33933333333334, -2.4026666666666667]
25 : 20 : [-4.183333333333334, 63.22, 10.836666666666666, 1.7233333333333345, -89.52666666666667, -2.5433333333333334]
26 : 20 : [-4.23, 62.558, 11.370000000000001, 0.8040000000000012, -89.714, -2.684]
27 : 20 : [-4.276666666666667, 61.896, 11.903333333333334, -0.11533333333333218, -89.90133333333334, -2.824666666666667]
28 : 20 : [-4.323333333333333, 61.234, 12.436666666666667, -1.0346666666666655, -90.08866666666667, -2.9653333333333336]
29 : 20 : [-4.37, 60.572, 12.97, -1.9539999999999988, -90.27600000000001, -3.1060000000000003]
30 : 20 : [-4.416666666666667, 59.910000000000004, 13.503333333333334, -2.8733333333333313, -90.46333333333334, -3.246666666666667]
31 : 20 : [-4.463333333333334, 59.248000000000005, 14.036666666666669, -3.7926666666666655, -90.65066666666667, -3.3873333333333338]
32 : 20 : [-4.51, 58.586, 14.57, -4.711999999999998, -90.83800000000001, -3.5280000000000005]
33 : 20 : [-4.556666666666667, 57.924, 15.103333333333335, -5.631333333333332, -91.02533333333334, -3.6686666666666667]
34 : 20 : [-4.6033333333333335, 57.262, 15.636666666666668, -6.550666666666665, -91.21266666666668, -3.809333333333334]
35 : 20 : [-4.65, 56.6, 16.17, -7.47, -91.4, -3.95]
36 : 20 : [-4.579666666666667, 55.69466666666667, 16.424666666666667, -6.623666666666667, -91.29766666666667, -6.645333333333333]
37 : 20 : [-4.509333333333334, 54.78933333333333, 16.679333333333336, -5.777333333333333, -91.19533333333334, -9.340666666666667]
38 : 20 : [-4.439, 53.884, 16.934, -4.930999999999999, -91.093, -12.035999999999998]
39 : 20 : [-4.368666666666667, 52.97866666666667, 17.188666666666666, -4.084666666666666, -90.99066666666667, -14.731333333333332]
40 : 20 : [-4.298333333333334, 52.07333333333334, 17.443333333333335, -3.2383333333333324, -90.88833333333334, -17.426666666666666]
41 : 20 : [-4.228000000000001, 51.168, 17.698, -2.3919999999999995, -90.786, -20.121999999999996]
42 : 20 : [-4.157666666666667, 50.26266666666667, 17.952666666666666, -1.5456666666666665, -90.68366666666667, -22.81733333333333]
43 : 20 : [-4.0873333333333335, 49.35733333333334, 18.207333333333334, -0.6993333333333327, -90.58133333333333, -25.512666666666664]
44 : 20 : [-4.017, 48.452, 18.462, 0.14700000000000113, -90.479, -28.208]
45 : 20 : [-3.9466666666666668, 47.54666666666667, 18.71666666666667, 0.993333333333335, -90.37666666666667, -30.903333333333332]
46 : 20 : [-3.8763333333333336, 46.641333333333336, 18.971333333333334, 1.839666666666667, -90.27433333333333, -33.59866666666667]
47 : 20 : [-3.806, 45.736000000000004, 19.226, 2.686000000000001, -90.172, -36.294]
48 : 20 : [-3.735666666666667, 44.830666666666666, 19.480666666666668, 3.5323333333333347, -90.06966666666666, -38.989333333333335]
49 : 20 : [-3.6653333333333338, 43.925333333333334, 19.735333333333333, 4.378666666666667, -89.96733333333333, -41.684666666666665]
50 : 20 : [-3.595, 43.02, 19.99, 5.2250000000000005, -89.86500000000001, -44.38]
51 : 20 : [-3.5246666666666666, 42.114666666666665, 20.244666666666667, 6.071333333333334, -89.76266666666668, -47.07533333333333]
52 : 20 : [-3.4543333333333335, 41.20933333333333, 20.499333333333333, 6.917666666666668, -89.66033333333334, -49.77066666666666]
53 : 20 : [-3.3840000000000003, 40.304, 20.753999999999998, 7.764000000000002, -89.558, -52.466]
54 : 20 : [-3.3136666666666668, 39.39866666666667, 21.008666666666667, 8.610333333333337, -89.45566666666667, -55.16133333333333]
55 : 20 : [-3.243333333333333, 38.49333333333334, 21.263333333333332, 9.45666666666667, -89.35333333333334, -57.85666666666667]
56 : 20 : [-3.173, 37.588, 21.518, 10.303, -89.251, -60.552]
57 : 20 : [-3.102666666666667, 36.68266666666667, 21.772666666666666, 11.149333333333335, -89.14866666666667, -63.24733333333333]
58 : 20 : [-3.0323333333333333, 35.77733333333333, 22.02733333333333, 11.995666666666668, -89.04633333333334, -65.94266666666667]
59 : 20 : [-2.962, 34.872, 22.281999999999996, 12.842000000000002, -88.944, -68.63799999999999]
60 : 20 : [-2.8916666666666666, 33.96666666666667, 22.536666666666665, 13.688333333333336, -88.84166666666667, -71.33333333333333]
61 : 20 : [-2.8213333333333335, 33.06133333333334, 22.79133333333333, 14.53466666666667, -88.73933333333333, -74.02866666666667]
62 : 20 : [-2.7510000000000003, 32.156000000000006, 23.046, 15.381000000000004, -88.637, -76.724]
63 : 20 : [-2.6806666666666668, 31.250666666666667, 23.300666666666665, 16.227333333333334, -88.53466666666667, -79.41933333333333]
64 : 20 : [-2.610333333333333, 30.345333333333336, 23.55533333333333, 17.073666666666668, -88.43233333333333, -82.11466666666666]
65 : 20 : [-2.54, 29.44, 23.81, 17.92, -88.33, -84.81]
66 : 20 : [-0.7653333333333336, 30.67, 22.25733333333333, 18.18466666666667, -88.37666666666667, -82.50133333333333]
67 : 20 : [1.0093333333333327, 31.900000000000002, 20.704666666666665, 18.449333333333335, -88.42333333333333, -80.19266666666667]
68 : 20 : [2.783999999999999, 33.13, 19.152, 18.714000000000002, -88.47, -77.884]
69 : 20 : [4.5586666666666655, 34.36, 17.599333333333334, 18.97866666666667, -88.51666666666667, -75.57533333333333]
70 : 20 : [6.333333333333331, 35.59, 16.046666666666667, 19.243333333333336, -88.56333333333333, -73.26666666666667]
71 : 20 : [8.107999999999997, 36.82, 14.494, 19.508000000000003, -88.61, -70.958]
72 : 20 : [9.882666666666665, 38.05, 12.941333333333333, 19.77266666666667, -88.65666666666667, -68.64933333333333]
73 : 20 : [11.65733333333333, 39.28, 11.388666666666666, 20.037333333333336, -88.70333333333333, -66.34066666666666]
74 : 20 : [13.431999999999999, 40.510000000000005, 9.835999999999999, 20.302, -88.75, -64.032]
75 : 20 : [15.206666666666663, 41.74, 8.283333333333331, 20.566666666666666, -88.79666666666667, -61.72333333333333]
76 : 20 : [16.981333333333332, 42.97, 6.730666666666664, 20.831333333333333, -88.84333333333333, -59.41466666666666]
77 : 20 : [18.755999999999997, 44.2, 5.178000000000001, 21.096, -88.89, -57.106]
78 : 20 : [20.530666666666665, 45.43, 3.6253333333333337, 21.360666666666667, -88.93666666666667, -54.797333333333334]
79 : 20 : [22.30533333333333, 46.66, 2.0726666666666667, 21.625333333333334, -88.98333333333333, -52.48866666666667]
80 : 20 : [24.08, 47.89, 0.52, 21.89, -89.03, -50.18]
81 : 20 : [24.08, 48.4352, -0.13, 22.4344, -89.0336, -51.0204]
82 : 20 : [24.08, 48.9804, -0.78, 22.9788, -89.0372, -51.8608]
83 : 20 : [24.08, 49.5256, -1.43, 23.5232, -89.0408, -52.7012]
84 : 20 : [24.08, 50.0708, -2.08, 24.0676, -89.0444, -53.5416]
85 : 20 : [24.08, 50.616, -2.73, 24.612000000000002, -89.048, -54.382]
86 : 20 : [24.08, 51.1612, -3.38, 25.1564, -89.05160000000001, -55.2224]
87 : 20 : [24.08, 51.7064, -4.030000000000001, 25.7008, -89.0552, -56.062799999999996]
88 : 20 : [24.08, 52.2516, -4.68, 26.2452, -89.0588, -56.9032]
89 : 20 : [24.08, 52.796800000000005, -5.33, 26.7896, -89.0624, -57.7436]
90 : 20 : [24.08, 53.342, -5.98, 27.334, -89.066, -58.584]
91 : 20 : [24.08, 53.8872, -6.630000000000001, 27.8784, -89.06960000000001, -59.4244]
92 : 20 : [24.08, 54.4324, -7.279999999999999, 28.4228, -89.0732, -60.2648]
93 : 20 : [24.08, 54.9776, -7.9300000000000015, 28.967200000000002, -89.0768, -61.105199999999996]
94 : 20 : [24.08, 55.522800000000004, -8.580000000000002, 29.5116, -89.0804, -61.9456]
95 : 20 : [24.08, 56.068, -9.23, 30.055999999999997, -89.084, -62.786]
96 : 20 : [24.08, 56.613200000000006, -9.88, 30.6004, -89.08760000000001, -63.6264]
97 : 20 : [24.08, 57.1584, -10.530000000000001, 31.1448, -89.0912, -64.4668]
98 : 20 : [24.08, 57.7036, -11.18, 31.6892, -89.0948, -65.3072]
99 : 20 : [24.08, 58.2488, -11.83, 32.2336, -89.0984, -66.1476]
100 : 20 : [24.08, 58.794000000000004, -12.48, 32.778, -89.102, -66.988]
101 : 20 : [24.08, 59.339200000000005, -13.13, 33.3224, -89.10560000000001, -67.8284]
102 : 20 : [24.08, 59.8844, -13.780000000000001, 33.8668, -89.1092, -68.6688]
103 : 20 : [24.08, 60.42960000000001, -14.430000000000001, 34.4112, -89.11280000000001, -69.50919999999999]
104 : 20 : [24.08, 60.9748, -15.08, 34.9556, -89.1164, -70.3496]
105 : 20.0 : [24.08, 61.52, -15.73, 35.5, -89.12, -71.19]
106 : 25.555555555555557 : [24.08, 61.52, -15.73, 35.5, -89.12, -71.19]
107 : 31.11111111111111 : [24.08, 61.52, -15.73, 35.5, -89.12, -71.19]
108 : 36.666666666666664 : [24.08, 61.52, -15.73, 35.5, -89.12, -71.19]
109 : 42.22222222222222 : [24.08, 61.52, -15.73, 35.5, -89.12, -71.19]
110 : 47.77777777777778 : [24.08, 61.52, -15.73, 35.5, -89.12, -71.19]
111 : 53.33333333333333 : [24.08, 61.52, -15.73, 35.5, -89.12, -71.19]
112 : 58.888888888888886 : [24.08, 61.52, -15.73, 35.5, -89.12, -71.19]
113 : 64.44444444444444 : [24.08, 61.52, -15.73, 35.5, -89.12, -71.19]
114 : 70.0 : [24.08, 61.52, -15.73, 35.5, -89.12, -71.19]
